.Random.seed <-
c(403L, 10L, 836228284L, 249972114L, -61858163L, 963097799L, 
841519534L, -472482808L, 825602059L, -293387031L, -262888520L, 
658041958L, -844460799L, -474510445L, 1107725378L, 1711961076L, 
1242906103L, -1557323283L, -97480060L, 1614628010L, 2073162261L, 
2093485743L, -2055754570L, 1715755744L, 1532495395L, 1232111937L, 
-1967303632L, 1441041998L, -1341695303L, -1999175989L, 1588488058L, 
-1213280644L, -908539201L, 1225059221L, -1914696788L, -1951784574L, 
-253073571L, -630404521L, 882557246L, 108216696L, -221480357L, 
-1765487175L, -647434232L, 980734646L, -812209679L, 991272995L, 
-867770254L, 422118084L, -2118208377L, 2075330653L, -70136236L, 
128298106L, 1665546181L, 725350687L, 2045442214L, 121575984L, 
1545707731L, -1784336655L, 1763806752L, 2031876286L, -884613943L, 
636982907L, -2127850422L, 1979776172L, -1879790673L, 28036965L, 
-1397512932L, 999353714L, 360801773L, 1961191975L, -1814574514L, 
-1040937304L, 907822251L, -22485559L, -1915606568L, 947224710L, 
1464765793L, 1044938995L, -2050085022L, 86198740L, 1129446615L, 
544456397L, 1563424356L, 1009382474L, -199704139L, -861778673L, 
1646832150L, 1972954304L, -1470799229L, -461410655L, 119988368L, 
861752174L, -720628455L, 761095595L, 39691162L, -479757476L, 
-903079329L, 827146805L, -1552938548L, 1776779554L, -1456192643L, 
-1425219465L, 392390046L, 604068952L, -645789253L, -1254437031L, 
748301544L, 1755870486L, -296802671L, 1992780611L, 738047570L, 
888608996L, -967062745L, 1340292989L, 158667380L, -867562406L, 
-719842139L, -784912705L, -806660794L, -2140218416L, 1370715635L, 
755335441L, 1381797184L, -57357026L, -1575618071L, -361776357L, 
-1760680662L, -1373995444L, 33409551L, -1053881019L, 1326862076L, 
-1365662382L, 1109248717L, -961060217L, 798729582L, -1115136184L, 
1355705163L, -781233495L, 1337989112L, 147470118L, 428402753L, 
568658387L, 1700062082L, -284588108L, -678387913L, -1647217107L, 
-1604499644L, 2079863914L, 1489727189L, 1590814831L, 1061169526L, 
75322016L, 763576163L, 731075585L, 1548279664L, 1417697038L, 
921112953L, 71214347L, 1026293306L, 962426172L, 26524287L, 886350293L, 
492158956L, 1335189826L, -1981063523L, -1373799657L, 1396828798L, 
601700920L, -699433701L, 636627577L, -641964344L, 309853942L, 
-1903061199L, 1032114019L, -86874830L, -1508690300L, -2006195513L, 
671990173L, -768031468L, 1386154938L, -232505851L, -35651617L, 
-182323610L, -1043848720L, -601805037L, -444206927L, -503704736L, 
1675526398L, -1053626231L, 492740539L, 828844426L, 8214636L, 
2026109423L, 190853669L, 1767991004L, -1907196750L, 1204424621L, 
2038977383L, -414961522L, -1930244760L, -807236245L, 879189769L, 
-603262568L, -1328637754L, -387077599L, -1545424205L, -535199710L, 
-521528812L, 867557015L, 470093965L, -2134760028L, 525133706L, 
147325941L, 216836687L, -503960234L, 615778304L, 673503555L, 
-1276635935L, -982962608L, -1357892946L, 1779717721L, -1990975893L, 
510481370L, -1657977700L, -480145761L, -190708491L, 1360143756L, 
-2078941086L, -604999619L, -1380130992L, 1383350316L, 900698484L, 
440316562L, -221167008L, -927742836L, -882215584L, -1657493278L, 
68386984L, 1077054156L, 1704388092L, -841293902L, -1778567184L, 
1034438084L, -1060611752L, -1319602822L, 1928283568L, 1099819452L, 
-1027343788L, 1080847810L, 274873120L, 870640572L, -296025008L, 
1500372962L, 674382696L, 1666058060L, 294206204L, -437150990L, 
-880938752L, -1531505548L, 1696496136L, 90229178L, 1894939088L, 
-866546708L, 30918548L, -301380398L, -835450784L, 2140086604L, 
1273718560L, -1989727614L, 274295272L, 1953043436L, 123829820L, 
1942379122L, 1518919536L, 1577447716L, 603434552L, 137354650L, 
1138767312L, 146133436L, -1642904940L, 211162754L, -336424512L, 
377052988L, -285477232L, -1584385246L, -285825528L, 1439856396L, 
2066446236L, 339935250L, 1468785536L, 358219540L, 30165288L, 
1502814266L, 212178896L, 931940972L, -1039823820L, 1795847314L, 
526433632L, -1369484980L, -1443878432L, -1129144414L, 1426911144L, 
1795617932L, -366718020L, 1847736434L, 1435751408L, 525910084L, 
-568314792L, 415387706L, -625827728L, 2107920956L, 994589460L, 
-1504125246L, -1932075296L, 690115708L, 1550368976L, -1820191838L, 
-1401482712L, 790471948L, 1451195324L, 1890223410L, -1389720384L, 
-1649050060L, 788018888L, 682366650L, 1160921232L, 1591704300L, 
1761995348L, -670224750L, -256730336L, 1331784652L, 385465568L, 
-1545770302L, -183377880L, 2048854956L, 2053012156L, 226158066L, 
-145865168L, 1829695396L, 1789543864L, 283352922L, -340486000L, 
-568448132L, 378987284L, -2019466942L, 1586037504L, -1853411396L, 
-426380464L, 659027234L, -1073439160L, -148346868L, 1687769180L, 
-1592591918L, 1551710720L, -1427463852L, -675568408L, -1601807110L, 
-1990011184L, -2081616596L, -530437900L, -2044791406L, -853796512L, 
-7522292L, -2112815392L, -289916318L, -1370186072L, 895473228L, 
-832455812L, 649950514L, -1589100944L, -283264188L, 447009752L, 
-1811570822L, 1643819568L, 192400316L, -220175788L, 1583139906L, 
-1505634144L, 1153254076L, -1640899120L, 1413699426L, -396242200L, 
1130947788L, -2049610244L, 502143474L, -1499744640L, 847046132L, 
-1214311800L, 285755194L, -187490480L, 1735314540L, 375451028L, 
-806417326L, -63677984L, 1566201036L, 1833824416L, 1632102786L, 
80247016L, 164455148L, 502232380L, 1212370034L, 379978864L, -618304476L, 
816046136L, 712444698L, 1209302224L, 1945254716L, 725624724L, 
-1187713150L, 474256832L, -287235524L, 1509751184L, -1225270750L, 
1910123784L, 1353685644L, 308393756L, 1931530386L, -1673731712L, 
1554858516L, -1614937304L, 1235756602L, -952796720L, -139954836L, 
-1218800716L, 207633426L, 376680928L, -1390378036L, 1155625184L, 
657057826L, 696425768L, -98617844L, 259400508L, -1401678862L, 
973168368L, -685356476L, -1245901224L, 1681609530L, 1858671088L, 
526081724L, -782385900L, 1230028482L, 30015584L, 2107950972L, 
-849929264L, -702743262L, 580945576L, -938349684L, -1631617860L, 
-62527694L, -1526541760L, -431671116L, 1732790856L, -1911235142L, 
-287403504L, -2104598804L, 1930038612L, -869555979L, -1676842798L, 
1467848480L, -773630199L, -1916862405L, 918533516L, -1242731494L, 
1137213583L, 1732401113L, -556697490L, 701823996L, 514484589L, 
-1785306345L, -1165409568L, -42745666L, 1738550923L, 434337037L, 
-545457862L, -1298101896L, -1496536287L, 1850112979L, -1314192652L, 
-1088558206L, -542582249L, 1998977249L, -1403611610L, 266309412L, 
1417330645L, -1098332289L, 1646244376L, 1846718774L, -1767465021L, 
553246213L, 232852898L, 1873105296L, 1852156217L, -858493461L, 
-1092366628L, 191740682L, 1899623935L, 1440500809L, -1186402850L, 
174243212L, -898807459L, 214245735L, -1753226608L, 41122990L, 
-1182585509L, 554127677L, -907691094L, -1021334456L, -1882794895L, 
-1556176413L, -714687260L, -2011715566L, 839830503L, -890424399L, 
-1431269898L, 1210953748L, -245620955L, 1430571055L, -1130524184L, 
1488283334L, -34347149L, 1056276437L, -535562318L, -442863232L, 
-1430877847L, 571579867L, 632050988L, -1718821062L, 114201071L, 
1169187961L, -135735538L, -396815652L, -321539763L, 1319234743L, 
-1779812800L, -692103394L, -1556484629L, -1142222483L, -683495462L, 
1202813336L, 30869505L, -1804703309L, -727195436L, 1861674466L, 
2134110327L, -304179775L, -1903902906L, 177982084L, -654576587L, 
-122014689L, 328962936L, 1962203734L, -2124470557L, 977338533L, 
-300560062L, 239327024L, 1086628697L, -2074154805L, -1051780804L, 
1391252842L, 1071538079L, -1869223383L, -1440172866L, 1363471788L, 
-1586195715L, -1591058873L, -1344602832L, 211619406L, -51216773L, 
-1948545571L, 893611018L, 1921158440L, 1117291409L, 2017252739L, 
1519121028L, -1281511246L, -121794553L, -1152840623L, 293772246L, 
1371873972L, 1742701253L, 1425597455L, 1315603592L, -581982810L, 
1397419347L, -48470347L, 1915280402L, -1674347040L, 479289417L, 
-1744681349L, 1975783244L, -991114534L, 1835421391L, -2077016423L, 
-1273388370L, -1255768132L, -578582483L, -1805142057L, 1017167392L, 
1507614590L, 2120098123L, 1103700813L, -346775174L, -290843720L, 
-1509537439L, -1211214573L, -93553356L, -622368958L, -1934280873L, 
